---------------------------------------------------------------------------------------------------------------------------
RWC score = 1,2591668998
---------------------------------------------------------------------------------------------------------------------------
[((21, 99), -0,013069094386474935), ((21, 277), -0,012910048922330816), ((21, 74), -0,012379692074820486), ((21, 556), -0,012136859033276546), ((21, 316), -0,010399586382418863), ((21, 66), -0,010077358803740498), ((21, 414), -0,010076987692832213), ((21, 498), -0,0095519790134069322), ((21, 676), -0,0095519790134069305), ((21, 114), -0,0093514598960940613), ((21, 511), -0,0091261234278464526), ((21, 167), -0,0091261234278463017), ((21, 385), -0,0086988910476115643), ((21, 304), -0,008698891047611533), ((21, 306), -0,0085433442918984356), ((21, 48), -0,0084133012683136887), ((21, 105), -0,0083762800300931466), ((21, 339), -0,0078402690620929302), ((21, 900), -0,0078402690620929198), ((21, 787), -0,0078402690620928608)]
{(21, 48): (-0,0084133012683136887, 1,0), (21, 277): (-0,012910048922330816, 1,0), (21, 498): (-0,0095519790134069322, 1,0), (21, 316): (-0,010399586382418863, 1,0), (21, 66): (-0,010077358803740498, 1,0), (21, 900): (-0,0078402690620929198, 1,0), (21, 99): (-0,013069094386474935, 1,0), (21, 414): (-0,010076987692832213, 1,0), (21, 105): (-0,0083762800300931466, 1,0), (21, 676): (-0,0095519790134069305, 1,0), (21, 511): (-0,0091261234278464526, 1,0), (21, 74): (-0,012379692074820486, 1,0), (21, 306): (-0,0085433442918984356, 1,0), (21, 304): (-0,008698891047611533, 1,0), (21, 385): (-0,0086988910476115643, 1,0), (21, 556): (-0,012136859033276546, 1,0), (21, 167): (-0,0091261234278463017, 1,0), (21, 114): (-0,0093514598960940613, 1,0), (21, 787): (-0,0078402690620928608, 1,0), (21, 339): (-0,0078402690620929302, 1,0)}
-0,0130690943865 -0,0130690943865
-0,0259791433088 -0,0130690943865
-0,0383588353836 -0,0130690943865
-0,0504956944169 -0,0130690943865
-0,0608952807993 -0,0130690943865
-0,0709726396031 -0,0130690943865
-0,0810496272959 -0,0130690943865
-0,0906016063093 -0,0130690943865
-0,100153585323 -0,0130690943865
-0,109505045219 -0,0130690943865
-0,118631168647 -0,0130690943865
-0,127757292074 -0,0130690943865
-0,136456183122 -0,0130690943865
-0,14515507417 -0,0130690943865
-0,153698418462 -0,0130690943865
-0,16211171973 -0,0130690943865
-0,17048799976 -0,0130690943865
-0,178328268822 -0,0130690943865
-0,186168537884 -0,0130690943865
-0,194008806946 -0,0130690943865
RWC score after addiction of accepted edges = 1,2120178444
Opt Total Decrease RWC -- in_degree type (HIGH-TO-HIGH) :   0,1940088069
Maximum Optimum Decrease RWC : = 0,0130690944
Real Total Decrease RWC = 0,0471490555  acceptance_ratio : 1,0
-----------------------------------------------
---------------------------------------------------------------------------------------------------------------------------
RWC score = 1,2515997496
---------------------------------------------------------------------------------------------------------------------------
[((21, 277), -0,012910048922330811), ((21, 511), -0,0091261234278464491), ((21, 167), -0,0091261234278462982), ((21, 304), -0,008698891047611533), ((21, 339), -0,0078402690620929302), ((21, 1383), -0,0078402690620927688), ((21, 4), -0,0078402690620927671), ((21, 400), -0,0078402690620926144), ((906, 819), -0,005948791578191396), ((439, 277), -0,0051181089657507464), ((439, 511), -0,0035476101428622512), ((439, 167), -0,0035476101428621866), ((418, 85), -0,0034351969033337721), ((21, 268), -0,0033828793616200912), ((21, 418), -0,0033828793616200569), ((21, 906), -0,0033828793616199775), ((21, 451), -0,0033828793616199611), ((21, 256), -0,003382879361619958), ((21, 681), -0,0033828793616199563), ((21, 230), -0,003382879361619935)]
{(21, 167): (-0,0091261234278462982, 1,0), (21, 277): (-0,012910048922330811, 1,0), (21, 256): (-0,003382879361619958, 1,0), (418, 85): (-0,0034351969033337721, 1,0), (21, 418): (-0,0033828793616200569, 1,0), (439, 511): (-0,0035476101428622512, 1,0), (21, 268): (-0,0033828793616200912, 1,0), (906, 819): (-0,005948791578191396, 2,6609640474436818), (21, 451): (-0,0033828793616199611, 1,0), (21, 681): (-0,0033828793616199563, 1,0), (21, 4): (-0,0078402690620927671, 1,0), (439, 277): (-0,0051181089657507464, 1,0), (21, 906): (-0,0033828793616199775, 1,0), (21, 304): (-0,008698891047611533, 1,0), (21, 230): (-0,003382879361619935, 1,0), (21, 400): (-0,0078402690620926144, 1,0), (21, 1383): (-0,0078402690620927688, 1,0), (21, 511): (-0,0091261234278464491, 1,0), (439, 167): (-0,0035476101428621866, 1,0), (21, 339): (-0,0078402690620929302, 1,0)}
-0,0129100489223 -0,0129100489223
-0,0220361723502 -0,0129100489223
-0,031162295778 -0,0129100489223
-0,0398611868256 -0,0129100489223
-0,0477014558877 -0,0129100489223
-0,0555417249498 -0,0129100489223
-0,0633819940119 -0,0129100489223
-0,071222263074 -0,0129100489223
-0,0734578406587 -0,0129100489223
-0,0785759496245 -0,0129100489223
-0,0821235597673 -0,0129100489223
-0,0856711699102 -0,0129100489223
-0,0891063668135 -0,0129100489223
-0,0924892461751 -0,0129100489223
-0,0958721255368 -0,0129100489223
-0,0992550048984 -0,0129100489223
-0,10263788426 -0,0129100489223
-0,106020763622 -0,0129100489223
-0,109403642983 -0,0129100489223
-0,112786522345 -0,0129100489223
RWC score after addiction of accepted edges = 1,1050337409
Opt Total Decrease RWC -- ratio type :   0,1127865223
Maximum Optimum Decrease RWC : = 0,0129100489
Real Total Decrease RWC = 0,1465660087  acceptance_ratio : 1,0
-----------------------------------------------
---------------------------------------------------------------------------------------------------------------------------
RWC score = 1,0707436406
---------------------------------------------------------------------------------------------------------------------------
[((21, 52), -0,015650730757408766), ((21, 56), -0,015650730757408766), ((21, 63), -0,015650730757408766), ((21, 64), -0,015650730757408766), ((21, 65), -0,015216849930372228), ((21, 51), -0,015039306257792489), ((21, 12), -0,013815879979514846), ((21, 47), -0,013514479704448929), ((21, 54), -0,012910048922330782), ((21, 57), -0,012910048922330782), ((21, 3), -0,012910048922330618), ((21, 10), -0,012844442059236825), ((21, 13), -0,012640391102633687), ((21, 19), -0,012197807168717363), ((21, 9), -0,012066067541565589), ((21, 73), -0,011475053079460831), ((21, 55), -0,011241765892163743), ((21, 0), -0,010399586382418988), ((21, 66), -0,010077358803740498), ((21, 48), -0,0084133012683136835)]
{(21, 57): (-0,012910048922330782, 1,0), (21, 52): (-0,015650730757408766, 1,0), (21, 47): (-0,013514479704448929, 1,0), (21, 0): (-0,010399586382418988, 1,0), (21, 64): (-0,015650730757408766, 1,0), (21, 73): (-0,011475053079460831, 1,0), (21, 54): (-0,012910048922330782, 1,0), (21, 65): (-0,015216849930372228, 1,0), (21, 55): (-0,011241765892163743, 1,0), (21, 66): (-0,010077358803740498, 1,0), (21, 3): (-0,012910048922330618, 1,0), (21, 9): (-0,012066067541565589, 1,0), (21, 63): (-0,015650730757408766, 1,0), (21, 10): (-0,012844442059236825, 1,0), (21, 48): (-0,0084133012683136835, 1,0), (21, 12): (-0,013815879979514846, 1,0), (21, 19): (-0,012197807168717363, 1,0), (21, 13): (-0,012640391102633687, 1,0), (21, 56): (-0,015650730757408766, 1,0), (21, 51): (-0,015039306257792489, 1,0)}
-0,0156507307574 -0,0156507307574
-0,0313014615148 -0,0156507307574
-0,0469521922722 -0,0156507307574
-0,0626029230296 -0,0156507307574
-0,07781977296 -0,0156507307574
-0,0928590792178 -0,0156507307574
-0,106674959197 -0,0156507307574
-0,120189438902 -0,0156507307574
-0,133099487824 -0,0156507307574
-0,146009536746 -0,0156507307574
-0,158919585669 -0,0156507307574
-0,171764027728 -0,0156507307574
-0,184404418831 -0,0156507307574
-0,196602225999 -0,0156507307574
-0,208668293541 -0,0156507307574
-0,22014334662 -0,0156507307574
-0,231385112513 -0,0156507307574
-0,241784698895 -0,0156507307574
-0,251862057699 -0,0156507307574
-0,260275358967 -0,0156507307574
RWC score after addiction of accepted edges = 0,9330763316
Opt Total Decrease RWC -- betweenness centrality :   0,2602753590
Maximum Optimum Decrease RWC : = 0,0156507308
Real Total Decrease RWC = 0,1376673089  acceptance_ratio : 1,0
-----------------------------------------------
---------------------------------------------------------------------------------------------------------------------------
RWC score = 1,3709264552
---------------------------------------------------------------------------------------------------------------------------
[((21, 99), -0,013069094386474946), ((21, 556), -0,01213685903327655), ((21, 607), -0,010856607607523236), ((21, 66), -0,010077358803740487), ((21, 414), -0,010076987692832223), ((21, 498), -0,0095519790134069322), ((21, 89), -0,0095493896600957317), ((21, 110), -0,0094752101969198116), ((21, 114), -0,0093514598960940561), ((21, 403), -0,0093480519947727377), ((21, 511), -0,0091261234278464422), ((21, 167), -0,009126123427846293), ((21, 385), -0,0086988910476115608), ((21, 304), -0,0086988910476115296), ((21, 306), -0,0085433442918984338), ((21, 48), -0,0084133012683136801), ((21, 105), -0,0083762800300931431), ((21, 900), -0,0078402690620929267), ((21, 893), -0,0078402690620928955), ((21, 704), -0,0078402690620928903)]
{(21, 110): (-0,0094752101969198116, 1,0), (21, 89): (-0,0095493896600957317, 1,0), (21, 48): (-0,0084133012683136801, 1,0), (21, 304): (-0,0086988910476115296, 1,0), (21, 704): (-0,0078402690620928903, 1,0), (21, 498): (-0,0095519790134069322, 1,0), (21, 66): (-0,010077358803740487, 1,0), (21, 893): (-0,0078402690620928955, 1,0), (21, 99): (-0,013069094386474946, 1,0), (21, 414): (-0,010076987692832223, 1,0), (21, 105): (-0,0083762800300931431, 1,0), (21, 900): (-0,0078402690620929267, 1,0), (21, 607): (-0,010856607607523236, 1,0), (21, 306): (-0,0085433442918984338, 1,0), (21, 511): (-0,0091261234278464422, 1,0), (21, 385): (-0,0086988910476115608, 1,0), (21, 556): (-0,01213685903327655, 1,0), (21, 167): (-0,009126123427846293, 1,0), (21, 114): (-0,0093514598960940561, 1,0), (21, 403): (-0,0093480519947727377, 1,0)}
-0,0130690943865 -0,0130690943865
-0,0252059534198 -0,0130690943865
-0,0360625610273 -0,0130690943865
-0,046139919831 -0,0130690943865
-0,0562169075238 -0,0130690943865
-0,0657688865373 -0,0130690943865
-0,0753182761974 -0,0130690943865
-0,0847934863943 -0,0130690943865
-0,0941449462904 -0,0130690943865
-0,103492998285 -0,0130690943865
-0,112619121713 -0,0130690943865
-0,121745245141 -0,0130690943865
-0,130444136188 -0,0130690943865
-0,139143027236 -0,0130690943865
-0,147686371528 -0,0130690943865
-0,156099672796 -0,0130690943865
-0,164475952826 -0,0130690943865
-0,172316221888 -0,0130690943865
-0,180156490951 -0,0130690943865
-0,187996760013 -0,0130690943865
RWC score after addiction of accepted edges = 1,3242981723
Opt Total Decrease RWC -- avg in_degree type :   0,1879967600
Maximum Optimum Decrease RWC : = 0,0130690944
Real Total Decrease RWC = 0,0466282828  acceptance_ratio : 1,0
-----------------------------------------------
-------------------------------------------------End of simulation---------------------------------------------------------
